   10.49   0.1002E+01   0.2000E+01
   13.49   0.1002E+01   0.2000E+01
   16.48   0.1002E+01   0.2000E+01
   19.46   0.1002E+01   0.2000E+01
   22.44   0.1002E+01   0.2000E+01
   25.41   0.9976E+00   0.1500E+01
   28.37   0.1029E+01   0.1400E+01
   31.32   0.1002E+01   0.2000E+01
   34.27   0.1055E+01   0.2000E+01
   37.20   0.9710E+00   0.2000E+01
   40.12   0.1004E+01   0.1500E+01
   43.03   0.9740E+00   0.1500E+01
   45.92   0.1025E+01   0.2000E+01
   48.80   0.1025E+01   0.2100E+01
   51.67   0.8990E+00   0.2100E+01
   54.51   0.9980E+00   0.2100E+01
   57.34   0.9890E+00   0.1500E+01
   60.15   0.9450E+00   0.2400E+01
   62.94   0.1010E+01   0.2200E+01
   65.71   0.1010E+01   0.2900E+01
   68.45   0.1089E+01   0.2500E+01
   71.17   0.1040E+01   0.1800E+01
   73.87   0.1000E+01   0.1700E+01
   76.54   0.9290E+00   0.1700E+01
   79.18   0.8870E+00   0.2800E+01
   81.79   0.9790E+00   0.2400E+01
   84.38   0.9600E+00   0.1700E+01
   86.93   0.9300E+00   0.1700E+01
   89.46   0.9460E+00   0.1700E+01
   91.95   0.9220E+00   0.3000E+01
   94.40   0.9180E+00   0.2600E+01
   96.83   0.8230E+00   0.2800E+01
   99.21   0.7920E+00   0.2600E+01
  101.56   0.6400E+00   0.2700E+01
  106.00   0.5260E+00   0.2500E+01
  110.00   0.4530E+00   0.3100E+01
  114.00   0.4910E+00   0.3000E+01
  118.00   0.4760E+00   0.3000E+01
  122.00   0.4920E+00   0.2700E+01
  126.00   0.4530E+00   0.4100E+01
  134.00   0.3480E+00   0.4000E+01
  138.00   0.2970E+00   0.4300E+01
  142.00   0.3210E+00   0.3900E+01
  146.00   0.3400E+00   0.6000E+01
  154.00   0.3810E+00   0.6200E+01
  158.00   0.3330E+00   0.6600E+01
  162.00   0.3000E+00   0.1060E+02
  166.00   0.3146E+00   0.1810E+02
  180.     .257         10.

