 48.80    1.01   1.6
 51.66    1.044  2.1
 54.51    1.015  2.1
 57.34    0.988  1.6
 60.15    0.974  2.7
 62.94    0.990  3.3
 65.70    1.02   3.2
 68.45    1.00   3.2
 71.17    0.991  2.2
 73.87    1.031  4.0
 76.536   0.969  2.3
 79.18    1.027  3.0
 81.79    0.962  3.0
 84.38    1.000  3.0
 86.93    0.982  2.0
 89.45    0.996  2.5
 91.95    1.019  3.3
 94.40    0.974  3.3
 96.83    0.933  3.7
 99.21    0.953  2.8
 101.56   0.93   .37
 106.0    0.79   1.40
 110.0    0.719  1.11
 114.0    0.6    1.33
 118.0    0.646  .77
 122.0    0.625  .56
 126.0    0.63   .29
 130.0    0.597  3.2
 134.0    0.59   4.0
 138.0    0.553  4.9
 142.0    0.498  4.2
 146.0    0.48   4.6
 150.0    0.431  5.4
 154.0    0.460  8.9
 158.0    0.608  7.8
 162.0    0.74   11.8
 166.0    0.86   14.6
 180.     1.     30.

