   32.80   0.9800E+00   0.2000E+01
   38.67   0.9900E+00   0.2000E+01
   41.59   0.9900E+00   0.2000E+01
   44.49   0.9800E+00   0.2000E+01
   47.38   0.9100E+00   0.2000E+01
   49.53   0.8600E+00   0.2000E+01
   51.68   0.9500E+00   0.2000E+01
   54.53   0.9700E+00   0.2000E+01
   57.36   0.1000E+01   0.2000E+01
   60.17   0.1030E+01   0.2000E+01
   62.96   0.1090E+01   0.2000E+01
   65.72   0.1070E+01   0.2000E+01
   68.47   0.1030E+01   0.2000E+01
   70.51   0.1000E+01   0.2000E+01
   72.54   0.9600E+00   0.2000E+01
   75.22   0.9100E+00   0.2000E+01
   77.88   0.9200E+00   0.2000E+01
   80.51   0.9000E+00   0.2000E+01
   83.11   0.9100E+00   0.2000E+01
   85.68   0.9100E+00   0.2000E+01
   88.22   0.8900E+00   0.2000E+01
   90.11   0.8500E+00   0.2000E+01
   91.97   0.7400E+00   0.2000E+01
   94.43   0.6900E+00   0.2000E+01
   96.85   0.6200E+00   0.2000E+01
   99.24   0.5800E+00   0.2000E+01
  101.59   0.5650E+00   0.2000E+01
  103.91   0.5400E+00   0.2000E+01
  106.18   0.5500E+00   0.2000E+01
  114.00   0.3847E+00   0.3800E+01
  118.00   0.3435E+00   0.4300E+01
  122.00   0.2510E+00   0.7300E+01
  126.00   0.2369E+00   0.8400E+01
  130.00   0.2125E+00   0.6100E+01
  134.00   0.2010E+00   0.6500E+01
  138.00   0.1980E+00   0.7100E+01
  142.00   0.2841E+00   0.8900E+01
  146.00   0.2925E+00   0.9800E+01
  150.00   0.2418E+00   0.9900E+01
  154.00   0.2377E+00   0.1050E+02
  158.00   0.2228E+00   0.1170E+02
  162.00   0.2498E+00   0.1680E+02
  166.00   0.2776E+00   0.1780E+02
  180.     .167          10.

