   16.48   0.9830E+00   0.2000E+01
   19.46   0.1010E+01   0.2000E+01
   22.44   0.1030E+01   0.2000E+01
   25.41   0.9900E+00   0.2100E+01
   28.37   0.1050E+01   0.1500E+01
   31.32   0.1033E+01   0.2000E+01
   34.27   0.9900E+00   0.2000E+01
   37.20   0.9980E+00   0.2000E+01
   40.12   0.9730E+00   0.2100E+01
   43.03   0.1030E+01   0.1500E+01
   45.92   0.9900E+00   0.2100E+01
   48.80   0.1015E+01   0.2100E+01
   51.67   0.1040E+01   0.2100E+01
   54.51   0.1030E+01   0.2200E+01
   57.34   0.1010E+01   0.2000E+01
   60.15   0.8970E+00   0.3500E+01
   62.94   0.9600E+00   0.5900E+01
   65.71   0.9050E+00   0.4200E+01
   68.45   0.9200E+00   0.4300E+01
   71.17   0.9000E+00   0.3000E+01
   73.87   0.9200E+00   0.2600E+01
   76.54   0.8800E+00   0.3100E+01
   79.18   0.9390E+00   0.3800E+01
   80.49   0.8400E+00   0.4800E+01
   81.79   0.8700E+00   0.3900E+01
   84.38   0.8700E+00   0.3000E+01
   85.66   0.8260E+00   0.5400E+01
   86.93   0.8800E+00   0.2700E+01
   89.46   0.9300E+00   0.3400E+01
   90.71   0.9900E+00   0.4800E+01
   91.95   0.9000E+00   0.4300E+01
   93.18   0.8400E+00   0.4100E+01
   94.40   0.8100E+00   0.4500E+01
   96.83   0.8900E+00   0.4600E+01
   98.02   0.8100E+00   0.4600E+01
   99.21   0.8000E+00   0.4400E+01
  101.56   0.8400E+00   0.4600E+01
  102.00   0.8800E+00   0.2900E+01
  102.73   0.9050E+00   0.4300E+01
  105.02   0.9000E+00   0.4500E+01
  106.00   0.7800E+00   0.3200E+01
  109.50   0.8400E+00   0.4900E+01
  110.00   0.8000E+00   0.2900E+01
  113.82   0.9100E+00   0.4500E+01
  114.00   0.8400E+00   0.3300E+01
  118.00   0.7850E+00   0.3700E+01
  122.00   0.8000E+00   0.3100E+01
  126.00   0.8600E+00   0.3800E+01
  130.00   0.7900E+00   0.3600E+01
  134.00   0.8400E+00   0.4100E+01
  138.00   0.8600E+00   0.4600E+01
  142.00   0.8300E+00   0.5500E+01
  146.00   0.8900E+00   0.8700E+01
  150.00   0.9100E+00   0.7000E+01
  154.00   0.9050E+00   0.6200E+01
  158.00   0.9300E+00   0.1000E+02
  162.00   0.8300E+00   0.2000E+02
  180.     .5           50.

