 19.458  1.04    2.
 22.435  0.995   2.
 25.406  0.99    2.
 28.369  0.998   2.
 31.322  1.001   2.
 34.266  1.01    2.1
 37.199  1.015   2.1
 40.12   0.954   2.1
 43.029  0.98    2.
 45.923  0.98    2.
 48.802  1.007   2.2
 51.666  0.966   2.2
 54.512  0.97    2.2
 57.34   1.034   2.2
 60.149  1.078   2.2
 71.17   1.027   4.
 84.378  0.984   4.9
 73.866  0.973   4.4
 86.932  0.961   4.1
 62.938  1.05    3.9
 76.536  1.005   3.8
 89.456  0.976   4.3
 65.705  1.06    4.9
 79.178  0.99    4.7
 91.946  0.925   5.4
 68.449  1.17    4.1
 81.793  0.99    4.1
 94.403  0.966   4.7
 96.826  0.791   6.1
 99.214  0.75    4.9
 101.565 0.66    6.1
 98.     0.746   2.9
 102.    0.656   3.3
 106.    0.558   3.5
 110.    0.465   4.4
 114.    0.562   4.7
 118.    0.516   4.2
 122.    0.504   4.6
 126.    0.44    5.0
 130.    0.361   6.6
 134.    0.32    7.9
 138.    0.34    8.2
 142.    0.357   9.5
 146.    0.367   8.9
 150.    0.364   11.
 154.    0.372   12.3
 158.    0.355   15.
 162.    0.323   21.9
 180.    .18     10.

