 22.435    0.915    2.0
 28.369    1.006    1.5
 31.322    1.008    2.0
 34.266    1.04     2.0 
 37.199    0.971    2.0
 40.12     0.978    2.0
 43.029    0.993    1.5   
 45.923    0.99     2.0 
 48.802    0.995    2.1 
 51.666    0.99     2.0 
 54.512    1.00     2.0 
 57.34     1.022    1.5
 60.149    1.053    2.1
 62.938    1.075    2.3
 65.705    0.998    2.2
 68.449    0.968    2.3
 71.17     0.888    1.6 
 73.866    0.839    1.6
 75.204    0.861    2.4
 76.536    0.803    2.3
 77.86     0.841    2.4
 79.178    0.802    2.3 
 81.793    0.779    2.3 
 84.378    0.768    1.6
 86.932    0.7105   1.6 
 88.198    0.663    2.4
 89.456    0.643    2.5
 90.705    0.582    2.4
 91.946    0.583    2.4 
 94.403    0.508    2.5
 96.826    0.456    2.5
 99.214    0.420    2.8
 100.394   0.438    2.6
 102.      0.383    2.4
 102.727   0.378    2.6
 106.0     0.3902   2.3
 110.0     0.401    3.0
 114.0     0.3328   3.3 
 118.0     0.2861   3.2
 122.0     0.2238   6.1
 126.0     0.1719   3.1
 130.0     0.1879   5.1
 134.0     0.2004   5.2
 138.0     0.1942   4.9
 142.0     0.2035   5.0
 146.0     0.1915   4.4
 150.0     0.1712   8.5
 154.0     0.16     9.6
 158.0     0.16     8.7
 162.0     0.19    15.6
 180.      .176     10.

