10.0      0.95       10. 
14.0      0.9        10.   
17.0      0.8        10.
20.0      1.0        10.
23.5      1.3        10.
26.0      0.95       10.
29.0      0.9        10.
31.0      0.95       10.
34.0      0.95       10.
37.0      1.00       10.
40.0      0.98       10.
42.0      1.0        10.
48.0      1.0        10.
51.0      0.92       10.
53.5      0.78       10.
57.0      0.78       10.
59.5      0.70       10.
62.5      0.58       10.
65.5      0.45       10.    
67.0      0.40       10.
71.0      0.35       10.
72.5      0.33       10.
75.5      0.30       10.
79.5      0.25       10.
81.0      0.20       10.  
83.5      0.18       10.
87.0      0.15       10.
89.0      0.12       10.
90.5      0.10       10.
93.0      0.12       10.
95.5      0.11       10.
98.0      0.11       10.
100.0     0.1        10.
102.0     0.092      10.
105.0     0.070      10.
107.0     0.050      10.
110.0     0.035      10.
114.0     0.085      10.
118.5     0.12       10.
122.5     0.15       10.
125.5     0.10       10.
129.5     0.063      10.
133.0     0.038      10.
138.0     0.053      10.
142.5     0.1        10.
146.0     0.12       10.
150.0     0.085      10.
154.0     0.02       10.
158.0     0.0044     10.
161.5     0.007      10.
162.0     0.0095     10.
164.0     0.003      10.
166.0     0.0085     10.
168.0     0.035      10.
172.0     0.19       10.
180.0     0.4        10.

