 19.46   0.98     1.0
 20.95   1.05     1.0
 22.44   1.01     1.0
 23.93   0.97     1.0
 26.90   0.98     1.0
 29.86   0.98     1.0
 32.81   0.96     1.0
 35.74   1.00     1.0
 38.67   1.04     1.0
 40.12   1.0285   1.0
 41.59   1.08     1.0
 43.029  1.0743   1.0
 43.04   1.10     1.0
 44.49   1.07     1.0
 45.94   1.07     1.0
 47.38   1.08     1.0
 48.80   1.009    1.0
 48.82   1.04     1.0
 49.53   1.01     1.0
 51.66   0.983    1.0
 51.68   0.95     1.0
 54.51   0.99     1.0
 54.53   0.91     1.0
 57.34   0.915    1.0
 57.36   0.87     1.0
 60.17   0.78     1.0
 62.96   0.70     1.0
 64.34   0.66     1.0
 65.72   0.63     1.0
 67.10   0.55     1.0
 68.47   0.53     1.0
 69.83   0.49     1.0
 70.51   0.50     1.0
 72.54   0.45     1.0
 75.23   0.43     1.4
 77.88   0.41     1.4
 80.51   0.36     1.6
 83.11   0.32     1.8
 84.40   0.29     7.0
 85.68   0.24     2.0
 86.96   0.22     4.7
 88.22   0.20     2.4
 89.48   0.19     3.6
 90.11   0.19     2.5
 91.97   0.17     2.0
 94.43   0.16     2.7
 96.85   0.17     2.7
 99.24   0.18     3.0
 101.59  0.17     3.1
 103.91  0.14     3.5
 106.18  0.12     4.3
 107.87  0.11     4.2
 109.53  0.07     5.5
 113.00  0.06     4.0
 114.0   0.0455   4.0
 116.0   0.05     4.0
 120.0   0.09     3.2
 122.0   0.0811   5.6
 124.0   0.08     3.5
 126.0   0.0716   4.8
 128.0   0.06     4.0
 130.0   0.0474   6.0
 132.00  0.03     5.5
 134.0   0.0297   9.8
 142.0   0.0156   18.7
 146.0   0.0285   12.4
 150.0   0.0369   11.5
 154.0   0.0718   10.8
 162.0   0.0109   20.0
 180.    .14      10.

