 19.46   1.01     2.0
 20.95   0.98     2.0
 22.44   1.00     2.0
 23.93   0.98     2.0
 26.90   0.97     2.0
 29.86   0.96     2.0
 32.80   0.96     2.0
 35.74   0.91     2.0
 38.67   0.92     2.0
 41.59   0.94     2.0
 43.04   1.01     2.0
 44.49   1.00     2.0
 45.94   1.00     2.0
 47.38   0.98     2.0
 48.82   0.97     2.0
 49.53   0.97     2.0
 51.68   1.00     2.0
 54.53   1.03     2.0
 57.36   1.04     2.0
 60.17   1.02     2.0
 62.96   0.95     2.0
 64.34   0.94     2.0
 65.72   0.87     2.0
 67.10   0.82     2.0
 68.47   0.78     2.0
 69.83   0.74     2.0
 70.51   0.74     2.0
 72.54   0.69     0.9
 75.23   0.73     0.8
 77.88   0.67     0.9
 80.51   0.64     0.7
 83.11   0.56     1.3
 84.40   0.52     2.0
 85.68   0.51     0.9
 86.96   0.46     2.0
 88.22   0.44     1.2
 89.48   0.40     2.0
 90.11   0.40     1.6
 91.97   0.36     1.4
 94.43   0.32     2.0
 96.85   0.34     2.0
 99.24   0.34     2.0
 101.59  0.34     2.0
 102.    0.3183   4.5
 103.91  0.32     2.0
 106.    0.2804   2.6
 106.18  0.31     2.0
 107.87  0.30     2.0
 109.53  0.27     2.0
 110.    0.1955   2.8
 114.    0.1189   4.3
 118.    0.0924   5.1
 122.    0.0761   7.7
 124.00  0.098    10.0
 126.    0.1224   4.1
 128.00  0.132    10.0
 130.    0.145    3.8
 132.00  0.156    10.0
 134.    0.16     5.0
 136.00  0.117    10.0
 138.    0.1268   5.9
 142.    0.0977   10.3
 146.    0.0502   10.7
 150.    0.0484   10.7
 154.    0.0599   14.0
 158.    0.1153   10.8
 162.    0.1369   15.7               
 180.    .16      10.

