 22.435    0.941    2.0
 25.406    0.9      2.0
 28.369    1.019    2.0 
 31.322    1.024    2.0
 34.266    1.01     2.0 
 37.199    0.976    2.0
 40.12     0.983    2.0
 43.029    1.0185   2.0   
 45.923    1.029    2.0 
 48.802    1.05     2.0 
 51.666    1.051    2.0 
 54.512    1.07     2.1 
 57.34     1.0965   2.0
 60.149    1.135    2. 
 62.938    1.118    2. 
 65.705    1.07     2.
 68.449    0.9625   2.
 71.17     0.875    2.  
 73.866    0.8015   2.
 75.204    0.822    2.00
 76.536    0.8256   2.000 
 77.86     0.81     2.0
 79.178    0.803    2.0 
 81.793    0.7485   2.0 
 84.378    0.721    2.0
 86.932    0.6485   2.0 
 88.198    0.602    2.0
 89.456    0.603    2.0
 90.705    0.544    2.0
 91.946    0.512    2.0 
 94.403    0.4495   2.0
 96.826    0.403    2.0
 99.214    0.394    2.0
 100.394   0.404    2.0
 102.727   0.384    2.0
 102.0     0.378    2.7
 106.0     0.367    2.5
 110.0     0.342    2.9
 114.0     0.303    3.4
 118.0     0.232    4.0
 122.0     0.1725   4.0
 126.0     0.142    4.3
 130.0     0.181    4.5
 134.0     0.205    5.2
 138.0     0.2245   6.0
 142.0     0.175    7.0
 146.0     0.138    6.8
 150.0     0.113    9.1
 154.0     0.102    11.9
 158.0     0.0914   14.3
 162.0     0.1355   19.
 180.      .22      10.

