 13.846    0.96     2.0
 19.458    1.00     2.0
 22.435    0.977    2.0
 28.369    0.996    1.4
 31.322    1.0195   2.0
 34.266    0.880    2.0 
 37.199    0.926    2.0
 40.12     1.007    2.0
 43.029    1.0034   1.5   
 45.923    1.05     2.0 
 48.802    1.020    2.0 
 51.666    1.049    2.1 
 54.512    1.085    2.0 
 57.34     1.0148   1.5
 60.149    0.924    2.1 
 62.938    0.83     2.1
 65.705    0.732    2.1
 68.449    0.672    2.2
 71.17     0.625    1.5 
 73.866    0.603    2.0
 76.536    0.578    1.6
 77.86     0.576    2.4
 79.178    0.501    2.1 
 81.793    0.461    2.2 
 84.378    0.415    1.6
 86.932    0.35     1.8 
 89.456    0.3205   1.8
 90.705    0.307    2.5
 91.946    0.272    2.3 
 94.403    0.256    2.4
 96.826    0.241    2.4
 99.214    0.2385   2.6
 101.565   0.232    2.9
 102.      0.24     3.3
 102.727   0.218    2.7
 106.0     0.202    3.2
 110.0     0.1515   4.3
 114.0     0.108    4.0
 118.0     0.067    6.1
 122.0     0.092    8.0
 126.0     0.106    5.4
 130.0     0.1008   7.0
 134.0     0.086    5.9
 138.0     0.0531   9.5
 142.0     0.059    14.0
 146.0     0.061    11.6 
 150.0     0.056    15.6
 154.0     0.0761   10.3
 158.0     0.1255   10.8
 162.0     0.0812   33.4
 180.      .04      10.

