 22.435    0.955    2.
 25.406    1.0367   2.
 28.369    1.0205   1.4
 31.322    0.989    2.
 34.266    1.01     2. 
 37.199    0.9915   2.
 40.12     0.9387   2.
 43.029    0.9959   1.5
 45.923    1.012    2.1
 48.802    1.0292   2.
 51.666    1.0669   2.
 54.512    1.0845   2.1
 57.34     1.1225   1.5
 60.149    1.147    2.1
 62.938    1.089    2.3
 65.705    0.9789   2.4
 68.449    0.9174   2.3
 71.17     0.8135   1.6
 73.866    0.7805   1.7
 75.204    0.800    2.3
 76.536    0.7879   2.4 
 77.86     0.7854   2.4
 79.178    0.7339   2.5
 81.793    0.6773   2.3
 84.378    0.6352   1.7
 86.932    0.5495   1.6
 88.198    0.5115   2.4
 89.456    0.495    2.7
 90.705    0.4323   2.6
 91.946    0.4097   2.9
 94.403    0.392    2.6
 96.826    0.377    3.0
 99.214    0.3556   2.8
 100.394   0.3682   2.6
 102.727   0.3171   2.8
 106.0     0.3029   3.6
 110.0     0.269    3.3
 114.0     0.2079   4.0
 118.0     0.1521   5.4
 122.0     0.128    5.0
 126.0     0.1239   7.2
 130.0     0.1664   5.2
 134.0     0.1448   6.2
 138.0     0.1428   7.4
 142.0     0.108    9.0
 146.0     0.0804   14.9
 150.0     0.0528   15.
 154.0     0.0625   15.7
 158.0     0.0807   16.8
 162.0     0.106    22.
 180.      .26      10.

