12.0   1.0     2.0
15.0   1.1     2.0
18.0   1.0     2.0
21.0   1.0     2.0
24.0   1.0     2.0
27.0   1.1     2.0
31.0   1.1     2.0
33.5   1.3     2.0
36.0   1.1     2.0
38.0   1.0     2.0
40.5   0.95    2.0
44.5   0.75    2.0
48.0   0.6     2.0
50.5   0.5     2.0
52.5   0.5     2.0
56.0   0.4     2.0
58.5   0.35    2.0
61.0   0.28    2.0
67.0   0.18    2.0
70.0   0.15    2.0
72.5   0.12    2.0
75.0   0.10    2.0
78.0   0.08    2.0
80.0   0.062   2.0
83.0   0.058   2.0
88.0   0.052   2.0
91.0   0.045   2.0
93.0   0.043   2.0
95.0   0.032   2.0
100.0  0.013   10.0
103.0  0.007   10.0
105.0  0.004   10.0
107.0  0.004   10.0
109.0  0.0055  10.0
111.0  0.006   10.0
114.0  0.01    10.0
116.0  0.015   10.0
120.0  0.022   10.0
124.0  0.021   10.0
128.0  0.008   10.0
132.0  0.0055  10.0
135.0  0.014   10.0
140.0  0.015   10.0
144.0  0.007   20.0
148.0  0.0031  20.0
152.0  0.004   20.0
155.0  0.002   20.0
160.0  0.006   20.0
163.0  0.014   20.0
168.0  0.007   20.0
172.0  0.0028  20.0
175.0  0.02    20.0
180.0  0.06    20.0

