   25.41   0.1020E+01   0.2000E+01
   28.37   0.9800E+00   0.1600E+01
   31.32   0.1010E+01   0.1400E+01
   34.27   0.9900E+00   0.2100E+01
   40.12   0.1020E+01   0.2000E+01
   43.03   0.1060E+01   0.1700E+01
   45.92   0.1100E+01   0.1600E+01
   48.80   0.1020E+01   0.2200E+01
   54.51   0.1000E+01   0.2000E+01
   57.34   0.9700E+00   0.2100E+01
   60.15   0.9000E+00   0.2200E+01
   62.94   0.8400E+00   0.2300E+01
   65.71   0.7600E+00   0.2300E+01
   68.45   0.6600E+00   0.3400E+01
   71.17   0.5930E+00   0.1500E+01
   72.52   0.5900E+00   0.4100E+01
   73.87   0.5500E+00   0.2300E+01
   75.20   0.5200E+00   0.3700E+01
   76.54   0.5100E+00   0.2400E+01
   79.18   0.4700E+00   0.2400E+01
   81.79   0.4300E+00   0.3000E+01
   84.38   0.3800E+00   0.1800E+01
   85.66   0.3400E+00   0.3600E+01
   86.93   0.3200E+00   0.2600E+01
   88.20   0.3000E+00   0.3400E+01
   89.46   0.2700E+00   0.2800E+01
   90.71   0.2400E+00   0.4000E+01
   91.95   0.2400E+00   0.2800E+01
   94.40   0.2300E+00   0.2600E+01
   96.83   0.2200E+00   0.2600E+01
   98.02   0.2100E+00   0.2800E+01
  100.39   0.2100E+00   0.2600E+01
  102.00   0.1900E+00   0.3000E+01
  102.73   0.1900E+00   0.2900E+01
  106.00   0.1700E+00   0.2800E+01
  114.00   0.9900E-01   0.8700E+01
  118.00   0.7100E-01   0.8500E+01
  122.00   0.7600E-01   0.3900E+01
  126.00   0.7600E-01   0.4500E+01
  134.00   0.6000E-01   0.1400E+02
  138.00   0.6200E-01   0.9700E+01
  142.00   0.3500E-01   0.1140E+02
  146.00   0.3800E-01   0.1020E+02
  180.     .025         10.

