   25.07   0.1260E+01   5.
   26.67   0.1160E+01   5.
   28.28   0.1060E+01  5. 
   31.41   0.7370E+00   5.
   33.02   0.6520E+00   5.
   33.93   0.5580E+00   5.
   34.60   0.6160E+00   5.
   35.51   0.5210E+00   5.
   37.11   0.4480E+00   5.
   38.25   0.4110E+00   5.
   39.63   0.3100E+00   5.
   40.21   0.2900E+00   5.
   40.98   0.2750E+00   10.
   41.79   0.2570E+00   10.
   42.69   0.2380E+00   10.
   43.36   0.2540E+00   10.
   43.62   0.2240E+00   10.
   44.26   0.2070E+00   10.
   44.97   0.2120E+00   10.
   45.84   0.1930E+00   10.
   46.24   0.1990E+00   10.
   46.33   0.2140E+00   10.
   47.60   0.1580E+00   10.
   48.89   0.1130E+00   10.
   48.93   0.1260E+00   10.
   50.45   0.8600E-01   10.
   51.54   0.8280E-01   10.
   51.99   0.8110E-01   10.
   52.86   0.8080E-01   10.
   54.20   0.8410E-01   10.
   57.42   0.5280E-01   10.
   58.96   0.3620E-01   10.
   59.32   0.3930E-01   10.
   59.83   0.3360E-01   10.
   60.47   0.2810E-01   10.
   60.67   0.3290E-01   10.
   61.34   0.2510E-01   10.
   61.94   0.2450E-01   10.
   62.12   0.2510E-01   10.
   62.85   0.2680E-01   10.
   63.41   0.2910E-01   10.
   64.71   0.2700E-01   10.
   64.89   0.2500E-01   10.
   65.79   0.2400E-01   10. 
   66.17   0.2710E-01   10. 
   67.29   0.2110E-01  10.
   67.46   0.2110E-01   10.
   68.14   0.1660E-01   10.
   68.76   0.1700E-01   10.
   69.61   0.1210E-01   10.
   71.09   0.5360E-02   10.
   73.95   0.1050E-01   10.
   77.24   0.7660E-02   10.
   77.88   0.4900E-02   10.
   82.12   0.3940E-02   10.
   84.30   0.2270E-02   10.
   85.54   0.1640E-02   10.
   86.46   0.2220E-02   10.
   87.70   0.3390E-02   10.
   89.32   0.2670E-02   10.
   89.88   0.3140E-02   10.
   91.18   0.1840E-02   10.
   93.32   0.1090E-02   10.
   95.18   0.1280E-02   10.
   96.30   0.1350E-02   10.
   97.26   0.1190E-02   10.
   98.46   0.1840E-02   10.
   99.18   0.1290E-02   10.
  106.44   0.1610E-03   10.
  108.32   0.2370E-03   10.
  109.54   0.1020E-02   10.
  111.70   0.8370E-03   10.
  113.88   0.2350E-03   10.
  115.68   0.1130E-02   10.
  117.44   0.2090E-02   10.
  119.32   0.2580E-02   10.
  120.30   0.1250E-02   10.
  121.18   0.1230E-02   10.
  122.46   0.1050E-02   10.
  123.70   0.1230E-02   10.
  124.82   0.3430E-02   10.
  125.88   0.8010E-03   10.
  126.68   0.9440E-03   10.
  128.56   0.6020E-03   10.
  130.12   0.1460E-02   10.
  132.30   0.1670E-02   10.
  133.54   0.3100E-02   10.
  134.46   0.3890E-02   10.
  135.70   0.2620E-02   10.
  137.88   0.1690E-02   10.
  142.12   0.3210E-02   10.
  144.30   0.5820E-02   10.
  146.46   0.1300E-01   10.

