13.0   0.98    2.0
16.5   0.98    2.0
20.0   0.98     2.0
23.5   0.98    2.0
25.0   1.0     2.0
28.0   1.0     2.0
31.0   1.1     2.0
34.0   1.0     2.0
36.5   0.91    2.0
40.0   0.70    2.0
42.0   0.60    2.0
42.5   0.52    2.0
45.5   0.45    2.0
49.0   0.32    2.0
51.0   0.28    2.0
54.0   0.20    2.0
57.0   0.185   2.0
59.5   0.13    2.0
62.0   0.085   2.0
65.0   0.088   2.0
67.0   0.075   2.0
71.0   0.055    2.0
73.5   0.045   2.0
77.0   0.036   2.0
79.0   0.028   2.0
81.0   0.028   2.0
84.0   0.022   2.0
85.5   0.0165   2.0
88.0  0.015    2.0
90.5   0.014   2.0
93.0   0.008   2.0
99.0  0.0024   2.0
100.5  0.00088 10.
103.5  0.00043  10.
105.0  0.00045  10.
108.5  0.00065 10.
111.0  0.0011  10.
112.0  0.0055  10.
113.0  0.0060  10.
115.0  0.0075  10.
117.0  0.0078  10.
119.0  0.0078  10.
120.5  0.0055  10.
124.0  0.0014  10.
128.0  0.0045  10.
132.0  0.006   10.
136.0  0.0011  10.
141.0  0.0035  10.0
144.5  0.006   10.
148.0  0.0021  20.
152.0  0.0036  20.
156.5  0.0055  20.
160.5  0.0036  20. 
164.5  0.0056  20.
168.5  0.0028  20.
172.5  0.005   20.  
176.0  0.022   20.
180.0  0.03    20.

