10.5   1.1    2.0
14.0   1.0    2.0
17.0   1.0     2.0
20.0   1.10    2.0
22.5   1.2     2.0
26.0   1.3     2.0
29.0   1.2     2.0
31.0   0.95     5.0
37.0   0.56    5.0
42.0   0.44    5.0
48.0   0.28    5.0
53.5   0.15    5.0
57.0   0.10    5.0
59.0   0.085    5.0
62.5   0.08    5.0
65.0   0.055   5.0
68.0   0.031   10.0
70.5   0.035   10.0
73.5   0.028   10.0
77.0   0.025   10.0
79.0   0.012   10.0
81.0   0.0065  10.0
84.0   0.0070  10.0
86.5   0.0055  10.0
88.5   0.0034  10.0
90.5   0.0015  10.0
93.5   0.00075 10.0
96.0   0.0010  10.0
99.0  0.0011   10.0
101.0   0.0015 10.0
103.0  0.00085 10.0
105.0 0.00050  10.0
108.0  0.0008 10.00
110.0  0.0017 10.0
112.0  0.0023 15.
113.5  0.0028 25.
116.5  0.0009 25.
118.5  0.00009 25.
120.5  0.0004  25.
122.5  0.0009  25.
124.0  0.0012 25.
126.2  0.00055 25.
127.0  0.00021 25.
128.5  0.00017 25.
129.5  0.00022 25.
131.0  0.00045  25.
132.0  0.00055 25.
133.0  0.00065 20.
136.0  0.00045  20.
140.5  0.00011 20.
144.0  0.00050  20.
149.0  0.00045 20.
152.5  0.00010 20. 
156.5  0.00045 20.
160.0  0.00015 20.
164.0  0.00045  20.  
167.0  0.0003   20.
172.0  0.001    20.
176.0  0.0075  20.
180.0  0.0090  20.

