23.92   1.114    3.
26.89   0.991    3.
29.85   0.681    3.
32.80   0.532    3.
35.75   0.434    3.
38.66   0.278    3.
41.58   0.211    3.
44.48   0.180    3.
47.37   0.100    3.
50.24   0.074    3.
51.67   0.089    3.
53.09   0.077    3.
54.52   0.058    3.
55.94   0.038    4.
58.76   0.029    3.
61.56   0.025    6.
64.33   0.026    6.
65.71   0.016    6.
67.09   0.0097   5.
68.46   0.0073   7.
71.18   0.0108   6.
73.88   0.0122   5.
75.21   0.0078   26.
75.88   0.0018   11.
79.19   0.0039   10.
82.45   0.0023   13.
85.67   0.0015   20.
86.30   0.0020   10.
88.84   0.0025   12.
89.47   0.0014   15.
91.96   0.0012   17.
95.02   0.0004   18.
98.04   0.0021   10.
101.00  0.0035   6.
103.89  0.0012   10.
106.73  0.00123  11.
109.51  0.0027   7.
112.23  0.0025   8. 

